free_thresh: 0.196
image: uclab.pgm
negate: 0
occupied_thresh: 0.65
origin: [8.0, -16.0, 17.140888]
resolution: 0.015625
